245
201
295
333
287
308
301
237
218
283
297
282
299
242
243
201
280
297
326
327
300
205
211
306
312
270
240
252
237
217
269
234
251
250
231
242
210
291
288
262
265
256
190
213
266
258
261
292
279
239
218
287
258
279
282
275
266
215
307
254
252
271
215
236
246
288
273
278
303
262
241
213
309
344
272
316
277
232
190
233
267
241
270
268
201
232
246
299
319
288
291
209
240
253
288
268
338
288
227
202
267
300
286
301
287
216
197
261
278
292
295
314
214
289
271
283
289
313
288
240
235
270
259
194
246
229
209
208
274
269
268
259
287
189
205
239
256
320
355
297
227
209
251
241
293
256
279
202
172
271
251
249
226
223
197
178
219
282
265
240
231
196
193
263
260
288
271
240
208
184
264
230
247
250
249
212
184
259
253
249
242
234
192
214
224
253
265
226
256
155
178
227
253
247
288
240
203
188
212
243
249
244
264
199
197
265
237
251
243
262
215
185
257
247
215
266
360
145
182
189
227
293
225
212
224
205
256
255
230
207
230
163
154
199
210
241
206
231
189
185
239
264
241
227
239
175
162
212
235
265
254
220
198
191
230
254
285
281
237
215
212
243
281
256
215
234
184
168
245
245
279
212
219
171
175
207
227
224
260
193
180
146
182
209
217
222
232
161
152
205
213
229
241
223
153
129
210
222
222
196
196
190
173
212
190
198
217
136
143
156
188
169
168
136
140
129
154
176
203
201
194
194
160
152
164
145
248
217
218
168
177
198
214
192
197
208
183
170
215
236
227
191
234
165
181
148
153
181
209
232
177
147
215
249
225
261
252
160
176
196
232
215
227
217
196
169
189
242
192
212
209
137
142
183
212
163
197
185
172
138
183
199
172
190
192
160
135
181
189
197
197
174
159
170
189
201
181
220
247
150
136
177
192
145
215
182
138
139
180
180
210
159
184
138
167
189
223
188
179
181
154
153
178
183
197
188
172
162
129
216
183
191
190
179
128
161
173
162
185
221
155
149
141
173
229
233
265
273
210
154
212
190
181
184
190
131
130
181
205
220
234
175
155
138
198
220
244
228
187
151
142
200
214
253
198
221
169
137
201
210
190
174
214
146
144
181
193
203
165
160
132
150
179
180
200
198
204
142
143
205
177
218
164
188
147
154
200
184
196
210
185
156
121
186
223
214
210
197
152
120
196
185
185
177
159
144
138
169
177
1000
202
178
126
131
176
171
174
187
182
131
123
160
177
160
206
186
137
128
157
176
178
176
192
136
133
124
182
177
206
181
136
150
161
185
159
177
159
140
139
137
146
196
194
164
162
118
156
146
182
201
198
125
108
134
191
201
181
194
145
145
176
182
208
185
207
153
142
175
174
212
200
162
141
123
182
198
159
183
225
126
128
142
196
187
181
168
136
157
176
191
193
187
146
134
115
147
176
190
176
165
153
121
137
182
181
168
153
137
135
140
174
195
210
208
166
153
167
160
165
206
188
161
178
157
203
205
175
187
166
156
189
165
175
152
154
142
146
161
175
206
148
141
117
103
115
157
165
108
110
86
96
107
159
136
135
151
121
106
157
179
186
169
155
158
120
155
165
161
135
147
138
110
150
152
160
147
148
109
106
109
98
137
154
162
111
108
141
126
165
143
164
110
121
157
195
173
116
127
106
87
115
148
132
131
137
127
102
123
140
156
142
131
110
111
142
136
160
141
133
105
125
147
116
144
147
148
131
127
128
120
140
115
147
106
107
132
146
148
124
144
95
95
144
159
174
142
148
130
118
131
158
145
157
135
104
111
137
135
143
127
96
100
94
126
169
144
155
128
128
97
161
152
126
139
152
103
101
129
160
147
128
156
125
108
152
145
151
152
108
85
93
147
129
114
130
117
80
110
116
148
113
151
134
112
92
123
119
151
127
129
117
81
127
118
123
127
142
123
91
133
144
142
136
103
99
105
140
145
161
139
121
91
80
112
137
130
119
132
110
90
133
166
124
131
134
121
120
117
147
138
149
124
116
91
140
141
163
120
91
90
101
123
135
118
114
125
94
92
109
125
132
125
118
97
110
130
130
121
137
133
132
96
126
137
130
128
126
100
95
126
142
138
130
120
85
96
129
133
166
126
125
94
98
128
149
118
120
149
89
110
108
131
123
134
113
103
87
115
136
119
130
131
114
66
99
105
99
98
110
92
87
98
117
109
150
104
101
107
142
122
108
109
112
76
88
120
124
125
120
131
77
90
106
136
135
156
147
97
85
123
139
140
138
120
76
108
108
132
137
119
117
93
82
91
120
138
139
110
88
86
119
108
113
136
104
99
87
94
96
148
119
104
62
82
111
117
118
104
104
111
88
120
108
114
128
100
80
95
67
93
98
106
134
84
65
59
123
117
105
105
79
67
90
91
93
108
115
90
87
101
101
99
101
93
80
82
112
122
119
122
101
88
79
78
87
102
112
89
79
65
87
97
98
110
91
87
77
105
114
96
80
104
91
78
102
111
95
104
122
86
50
91
85
134
105
105
70
73
86
114
98
126
103
76
74
106
113
108
110
121
77
58
110
113
116
106
99
64
78
81
94
135
114
95
65
63
99
100
113
126
89
85
82
104
92
139
100
78
77
75
90
92
102
101
98
82
67
95
95
99
104
96
73
64
110
126
99
90
107
76
83
105
89
94
100
88
87
69
94
102
105
113
103
88
59
100
97
111
108
104
80
89
105
129
112
102
113
84
97
102
106
113
111
113
87
70
119
106
113
106
123
83
85
77
110
92
91
90
65
64
90
89
104
82
95
75
68
86
98
110
125
103
94
70
119
112
113
110
86
68
69
85
101
115
97
100
56
89
85
104
111
115
95
109
72
99
95
92
107
93
95
68
120
89
106
99
106
86
80
102
116
94
100
83
70
86
113
112
89
96
92
75
60
95
113
95
99
79
60
62
112
92
88
88
92
73
63
81
93
113
91
89
110
84
99
108
115
113
87
71
69
71
70
70
113
86
80
69
74
90
86
86
95
59
54
93
97
116
98
90
71
63
81
90
104
96
94
62
57
68
97
121
107
72
85
61
95
85
96
106
135
163
77
81
84
95
97
78
58
62
77
93
84
99
88
87
74
79
86
101
83
70
70
59
78
75
105
89
75
44
47
66
88
97
95
101
81
70
74
79
94
85
91
55
83
78
84
92
78
77
71
52
84
56
60
100
75
57
73
70
30
56
73
52
57
53
75
61
96
80
93
71
47
48
88
73
81
70
67
48
70
84
104
63
66
60
56
45
57
67
82
82
72
49
70
70
75
74
86
58
52
67
64
85
75
77
75
67
72
