411
351
327
406
417
391
367
382
300
289
389
370
329
340
351
400
314
348
356
338
365
364
307
259
326
323
382
295
311
337
322
380
376
352
373
370
359
349
419
402
375
391
400
350
348
334
394
398
395
365
450
366
420
334
371
400
439
445
375
351
406
430
410
419
460
431
469
423
421
394
406
367
416
480
424
401
386
487
463
434
435
494
467
479
492
491
521
440
481
487
474
425
424
489
425
417
507
399
405
411
406
440
521
489
413
379
465
422
408
527
644
402
442
419
418
408
422
460
492
428
385
347
397
383
421
411
329
322
436
422
439
380
382
385
389
416
345
316
344
334
268
268
364
272
417
327
318
296
337
296
435
390
517
391
436
406
449
557
423
584
489
475
632
462
554
595
587
579
595
538
344
552
444
588
309
366
504
253
258
298
307
395
260
214
224
282
303
273
224
239
267
266
312
254
266
290
351
223
247
319
301
306
341
262
405
267
257
305
259
262
264
247
318
298
301
306
239
265
245
216
304
280
307
348
314
350
289
259
249
247
296
226
244
278
326
276
258
249
235
200
256
261
270
270
334
195
228
250
275
254
263
261
266
291
208
249
281
249
244
243
236
223
269
304
283
259
237
226
194
278
217
238
206
240
223
242
222
278
231
256
252
249
254
202
226
186
250
201
168
198
213
198
219
200
205
208
197
250
248
295
263
227
223
191
196
174
170
196
210
163
210
246
196
183
209
235
208
220
199
203
248
223
245
224
184
164
163
159
162
188
192
193
206
220
196
187
190
158
157
182
167
188
146
195
169
147
175
148
143
156
174
149
169
169
167
219
156
165
154
131
150
132
218
170
206
163
155
144
201
182
156
174
129
136
149
170
133
151
136
118
130
192
193
155
140
130
126
124
140
120
139
134
119
122
134
147
116
117
119
137
127
94
100
134
128
96
110
125
95
88
119
91
98
120
95
101
196
100
118
84
87
94
111
156
117
144
154
246
120
127
112
128
91
92
91
106
97
91
111
92
97
98
89
117
96
89
114
91
88
101
101
94
91
139
91
98
111
92
128
109
76
92
88
62
88
78
99
123
83
93
67
68
82
85
94
95
103
86
69
80
99
82
106
82
71
80
75
75
73
72
68
65
63
67
55
64
72
64
64
90
86
80
85
76
73
68
84
83
82
33
70
66
49
102
101
96
77
66
102
44
59
57
67
58
83
73
66
44
85
59
47
64
52
51
47
52
107
89
73
60
63
35
49
43
38
46
50
36
53
54
40
49
68
38
45
46
60
37
44
39
36
30
46
44
50
55
55
29
29
38
53
47
51
59
59
35
57
40
38
67
43
29
29
33
37
42
39
39
40
39
36
29
34
57
37
36
43
37
32
37
29
42
32
30
42
45
36
23
43
27
31
35
33
50
20
42
24
40
37
38
31
33
35
32
30
30
42
30
26
29
39
34
35
39
33
35
25
31
30
35
25
24
60
42
25
34
41
30
28
21
41
40
21
22
27
44
39
19
16
18
25
35
36
34
36
43
24
37
22
39
31
33
31
24
29
44
47
35
19
20
21
21
30
22
22
30
37
26
30
39
30
39
17
29
26
20
26
23
25
20
23
12
24
32
14
18
19
21
23
24
26
24
20
18
19
11
12
23
18
33
22
18
20
9
13
23
26
28
18
19
27
11
15
29
25
49
27
31
28
43
25
52
18
20
19
10
24
17
13
15
23
19
17
15
22
26
17
24
16
25
13
13
23
27
19
23
17
20
20
23
18
26
15
15
23
19
22
15
14
36
42
15
18
16
20
14
20
21
15
11
13
15
11
24
11
22
21
14
12
14
13
20
23
23
12
13
12
10
16
23
26
15
9
9
22
15
15
20
11
19
8
27
15
22
17
21
22
8
13
19
16
14
9
12
18
25
23
23
15
21
10
12
10
19
19
10
5
9
14
15
13
10
13
18
16
15
14
26
14
15
12
29
18
17
7
15
26
16
9
13
10
26
52
27
26
13
11
25
20
16
19
18
22
16
14
8
5
13
10
10
10
10
19
21
38
13
11
8
17
13
13
7
12
6
5
21
16
16
12
12
15
7
11
10
18
15
17
15
17
32
17
17
17
17
15
15
12
18
17
10
18
15
7
10
17
17
17
24
20
11
22
29
18
19
9
18
9
17
26
24
23
24
11
7
14
10
13
13
12
7
8
3
11
10
12
17
13
9
11
26
12
7
16
10
14
10
20
25
5
5
14
5
10
7
11
13
9
14
9
12
11
18
18
11
12
10
10
11
14
18
19
8
17
21
14
17
11
20
21
17
15
21
24
0
15
14
4
13
12
20
11
13
14
23
14
11
15
11
10
14
10
10
25
12
15
9
11
14
16
15
30
20
17
15
12
7
14
25
18
15
15
6
10
16
25
13
12
14
14
12
22
34
69
33
11
7
13
15
15
14
11
12
11
11
13
10
14
8
12
6
10
11
16
12
15
9
11
12
10
14
15
9
9
7
23
14
13
12
21
16
15
14
13
11
9
12
9
11
31
14
20
22
11
15
11
16
18
12
10
18
19
6
15
12
13
17
15
10
6
9
11
12
11
25
9
24
9
12
15
12
19
9
9
23
13
11
13
8
17
22
15
18
14
17
9
11
12
10
21
3
10
7
17
7
8
13
26
12
21
9
19
17
13
20
15
17
14
13
19
13
15
17
13
17
19
16
18
37
20
16
13
10
9
10
10
13
13
12
7
7
10
15
10
10
21
8
14
13
14
17
24
21
11
12
12
9
9
18
12
5
11
13
12
12
15
13
12
12
14
19
16
20
16
11
10
21
11
13
14
4
12
12
8
13
17
24
7
25
10
47
22
11
10
31
12
8
15
15
22
30
25
12
10
12
10
12
14
20
14
13
7
14
11
11
11
21
15
12
18
14
8
5
10
17
15
13
8
15
6
14
15
17
14
8
17
16
16
7
9
20
18
25
9
10
17
10
12
39
21
13
12
17
13
13
16
27
10
23
25
18
6
15
8
16
17
12
7
15
7
11
25
11
11
13
15
15
20
15
30
10
7
18
13
19
16
19
9
16
9
11
11
9
17
17
13
16
14
17
15
13
13
15
9
17
19
18
12
16
9
17
11
16
16
19
22
16
11
22
20
14
18
9
15
12
25
12
20
9
20
21
11
21
16
8
19
14
10
13
15
18
16
5
12
9
14
20
7
4
8
2
10
5
8
17
8
6
6
12
10
8
24
8
8
18
13
15
13
15
18
4
10
27
18
10
9
9
9
7
6
14
16
26
16
11
20
12
16
20
12
12
8
10
21
12
20
5
5
12
12
