125
140
206
236
197
198
207
184
151
230
303
269
282
241
158
164
208
248
275
251
221
159
181
230
243
265
247
247
210
157
241
273
219
319
245
181
184
222
272
277
237
201
175
178
270
278
340
263
276
160
161
253
248
242
242
251
170
138
186
243
244
234
157
173
197
215
211
205
194
250
167
165
228
232
227
193
208
108
145
195
239
212
199
194
136
169
206
193
186
218
244
136
151
207
189
234
233
193
131
159
222
298
276
188
177
138
149
204
191
206
197
170
116
121
162
200
184
178
213
137
161
187
184
184
177
226
164
142
203
193
200
224
210
155
144
180
232
185
196
256
122
159
263
216
212
380
183
156
154
181
205
205
221
206
143
148
210
202
223
203
159
153
138
187
187
209
200
253
150
126
203
227
226
174
194
166
135
201
189
176
158
165
108
111
171
165
221
181
181
152
180
187
219
196
176
171
131
126
199
201
202
174
191
159
134
175
198
200
191
178
134
119
237
219
235
242
174
122
156
170
198
167
220
197
140
124
189
174
159
182
169
150
130
165
205
177
167
190
136
135
217
192
190
167
160
124
153
163
187
199
200
209
135
132
168
201
174
156
193
132
113
166
201
163
168
164
140
129
189
216
164
212
194
138
123
203
212
218
173
200
140
122
181
167
186
200
194
169
134
181
195
210
194
204
133
126
159
170
230
240
151
155
173
189
201
270
196
147
139
129
177
184
198
126
140
151
115
147
181
176
204
184
148
118
118
115
199
220
199
152
134
152
184
196
164
179
153
150
189
177
196
178
201
137
128
146
188
181
151
162
113
132
158
173
162
163
165
133
108
162
157
190
152
172
127
136
169
171
210
210
217
141
123
164
165
173
175
184
182
126
165
224
158
200
175
131
145
132
208
201
167
164
140
120
149
145
144
156
156
158
128
135
193
166
159
165
136
147
176
193
161
167
189
141
132
180
207
170
164
158
138
108
147
170
163
175
148
134
184
159
221
202
199
161
123
104
144
172
164
179
177
133
120
164
226
173
167
136
122
127
175
172
199
167
181
132
136
166
166
145
188
152
160
129
156
237
179
196
164
111
116
194
211
196
175
174
108
109
160
159
156
188
221
125
143
181
217
164
141
136
135
139
207
214
217
185
167
169
138
234
181
171
205
177
134
119
194
170
164
185
176
148
106
195
208
193
147
170
117
117
150
162
220
196
141
151
130
164
157
160
176
141
140
136
169
144
180
183
160
286
177
186
179
202
206
203
173
139
166
175
296
227
184
187
147
180
173
189
192
191
158
135
197
218
249
230
197
128
119
169
160
182
197
175
137
128
201
188
201
214
208
155
122
172
231
185
189
213
168
129
162
193
191
187
194
258
129
184
203
189
156
181
145
136
186
183
166
184
181
135
120
146
189
197
203
220
137
156
224
207
213
183
167
154
109
164
195
189
189
238
166
148
166
187
214
234
268
134
153
195
171
215
369
228
151
190
221
166
166
180
193
142
96
149
183
179
209
191
139
137
167
220
215
225
187
161
156
172
208
189
188
167
135
144
146
167
203
159
150
112
102
140
177
176
173
153
109
124
153
184
184
200
190
160
178
190
194
230
179
201
149
120
164
197
200
155
198
90
136
172
161
163
152
151
143
117
155
177
187
172
155
122
127
163
153
179
178
190
124
142
184
215
219
178
231
133
114
154
146
159
147
180
160
115
170
159
183
142
165
157
151
205
206
156
137
135
110
146
143
168
188
161
158
136
131
172
206
169
169
304
154
142
157
172
180
169
181
180
204
191
174
158
172
188
143
155
275
184
161
152
127
119
138
230
198
210
168
198
142
123
153
171
192
214
210
146
126
201
192
178
171
165
123
173
164
158
175
189
169
141
115
171
169
189
154
178
139
146
195
177
197
189
228
130
135
182
215
173
250
202
187
164
197
176
200
174
169
152
162
198
205
212
206
189
186
133
220
220
221
217
314
128
127
243
202
212
228
212
197
165
171
211
199
139
178
118
118
176
172
242
205
172
142
126
197
202
218
228
176
146
157
184
291
211
168
209
130
134
189
237
318
187
202
153
142
177
196
203
188
189
150
137
190
177
191
224
194
187
152
206
213
211
234
217
186
125
248
212
227
201
191
162
152
214
248
256
230
302
179
138
219
290
232
197
245
158
163
200
253
236
249
212
184
145
165
188
169
218
187
134
136
177
202
257
212
195
136
132
176
215
229
186
202
140
132
182
197
178
203
215
170
172
192
197
231
239
142
156
134
175
195
220
234
141
151
164
187
205
259
258
201
152
161
215
212
225
201
191
217
169
208
194
374
197
172
168
165
192
220
210
222
227
162
277
257
193
202
216
195
161
149
203
213
197
198
170
148
137
153
195
183
184
192
146
142
125
182
192
159
168
169
132
167
197
213
197
164
163
167
205
228
262
198
226
169
153
202
173
202
180
180
166
121
169
172
206
201
222
159
180
207
216
215
206
214
158
147
153
245
187
227
242
159
196
222
215
245
213
201
170
157
174
205
254
228
220
178
147
210
227
234
218
212
205
145
190
207
241
237
221
172
173
188
219
201
199
215
223
163
201
216
187
199
226
184
153
226
248
193
191
214
157
121
232
244
226
200
224
185
166
184
177
378
222
165
193
143
227
231
206
217
206
224
160
239
241
237
283
269
192
195
262
236
232
243
279
239
192
251
223
338
338
216
227
134
206
221
284
231
243
151
153
206
200
218
260
213
198
182
212
251
254
209
243
165
169
223
207
194
213
172
155
177
178
264
250
202
210
193
134
165
186
159
191
164
160
136
183
182
202
174
195
141
117
171
204
187
177
164
187
150
184
200
200
209
191
154
163
173
200
191
206
217
154
153
155
181
199
187
165
158
132
164
246
192
175
183
167
257
230
230
197
183
208
153
138
166
199
221
196
183
127
123
178
194
188
186
226
146
167
169
177
203
153
156
162
134
209
168
185
168
187
158
172
198
208
179
207
184
143
165
142
170
224
218
168
108
115
155
157
146
151
194
159
128
138
161
187
193
176
147
154
161
171
159
147
184
147
134
129
193
151
157
160
163
189
160
171
162
158
184
155
111
138
157
164
162
151
120
134
195
176
149
160
195
135
157
156
165
182
139
157
124
123
133
165
181
208
196
138
144
154
200
209
165
202
140
146
193
162
174
161
180
115
137
139
166
139
138
167
124
154
127
127
157
152
146
156
132
92
97
130
128
318
129
125
126
165
176
154
262
145
138
128
187
135
154
137
121
107
163
148
134
135
139
213
123
103
154
149
123
146
123
127
173
134
131
145
151
129
129
161
147
151
141
247
133
98
110
